# WS22_TNN_Assignment_PA-G_data_File_PA-G-train-t6.txt 
# P=1000 N=2 M=1  
 0.741057 0.402057    -1.0 
 0.108281 0.233327    -1.0 
 0.325600 0.027091    -1.0 
 0.991767 0.104464    +1.0 
 0.010891 0.510376    +1.0 
 0.803403 0.113651    +1.0 
 0.858655 0.657779    -1.0 
 0.125225 0.427856    +1.0 
 0.853934 0.262553    -1.0 
 0.845511 0.568380    +1.0 
 0.311530 0.098719    -1.0 
 0.446835 0.181521    +1.0 
 0.461231 0.035539    +1.0 
 0.224686 0.617889    +1.0 
 0.211521 0.003913    -1.0 
 0.136711 0.485979    +1.0 
 0.224060 0.745617    +1.0 
 0.328119 0.551024    -1.0 
 0.211585 0.551606    -1.0 
 0.021031 0.113635    +1.0 
 0.836108 0.984709    +1.0 
 0.688354 0.864481    -1.0 
 0.096726 0.088914    +1.0 
 0.003321 0.101851    +1.0 
 0.599291 0.031912    +1.0 
 0.414301 0.689707    -1.0 
 0.364189 0.994958    -1.0 
 0.744125 0.686665    +1.0 
 0.702147 0.415339    -1.0 
 0.560534 0.793760    -1.0 
 0.348109 0.168533    -1.0 
 0.268928 0.644119    +1.0 
 0.244658 0.731576    +1.0 
 0.703105 0.124384    -1.0 
 0.692208 0.844219    -1.0 
 0.149956 0.900545    +1.0 
 0.694448 0.243543    +1.0 
 0.159024 0.784587    -1.0 
 0.213426 0.019908    -1.0 
 0.529613 0.578832    +1.0 
 0.276729 0.372257    +1.0 
 0.611781 0.268284    +1.0 
 0.844881 0.639089    -1.0 
 0.531596 0.484611    +1.0 
 0.523952 0.573980    +1.0 
 0.386701 0.766125    +1.0 
 0.398286 0.812841    -1.0 
 0.540298 0.404468    +1.0 
 0.841053 0.251487    -1.0 
 0.257637 0.359412    +1.0 
 0.343973 0.789329    +1.0 
 0.419964 0.487682    +1.0 
 0.478276 0.286613    -1.0 
 0.460453 0.960038    +1.0 
 0.670953 0.082684    -1.0 
 0.992091 0.413685    +1.0 
 0.745961 0.501017    -1.0 
 0.538928 0.925683    +1.0 
 0.159904 0.158534    +1.0 
 0.992916 0.009327    +1.0 
 0.654304 0.853040    -1.0 
 0.755168 0.382036    +1.0 
 0.078771 0.340018    -1.0 
 0.292389 0.473200    -1.0 
 0.416005 0.460789    +1.0 
 0.059319 0.417597    +1.0 
 0.393668 0.145999    -1.0 
 0.371854 0.388709    +1.0 
 0.410801 0.605024    -1.0 
 0.032293 0.481662    +1.0 
 0.077005 0.102261    +1.0 
 0.929742 0.263199    -1.0 
 0.278330 0.710194    +1.0 
 0.790438 0.512367    -1.0 
 0.990300 0.176858    +1.0 
 0.012868 0.417415    +1.0 
 0.779346 0.927891    -1.0 
 0.572520 0.549229    +1.0 
 0.120880 0.382367    -1.0 
 0.255541 0.667688    +1.0 
 0.945234 0.354275    -1.0 
 0.617066 0.843390    -1.0 
 0.659677 0.760640    +1.0 
 0.649466 0.392680    +1.0 
 0.821860 0.101451    +1.0 
 0.982107 0.768815    -1.0 
 0.521598 0.919782    +1.0 
 0.764538 0.257191    +1.0 
 0.806229 0.412531    +1.0 
 0.159479 0.158992    +1.0 
 0.430442 0.528401    +1.0 
 0.493900 0.077409    +1.0 
 0.173004 0.761097    -1.0 
 0.692381 0.046219    -1.0 
 0.617108 0.688794    +1.0 
 0.206243 0.055201    -1.0 
 0.892857 0.407972    +1.0 
 0.517489 0.164329    +1.0 
 0.512825 0.908591    +1.0 
 0.654132 0.883405    -1.0 
 0.255740 0.201737    +1.0 
 0.421947 0.990792    +1.0 
 0.558423 0.469452    +1.0 
 0.109213 0.029787    +1.0 
 0.129555 0.504096    +1.0 
 0.830706 0.550363    +1.0 
 0.396141 0.351810    +1.0 
 0.973471 0.844213    +1.0 
 0.908324 0.997222    +1.0 
 0.121135 0.680038    -1.0 
 0.262249 0.516199    -1.0 
 0.550293 0.001769    +1.0 
 0.333854 0.787421    +1.0 
 0.799553 0.963823    -1.0 
 0.356755 0.264608    +1.0 
 0.749905 0.193972    -1.0 
 0.411024 0.657909    -1.0 
 0.168217 0.085902    +1.0 
 0.330728 0.609376    +1.0 
 0.250805 0.910860    -1.0 
 0.579185 0.543261    +1.0 
 0.561568 0.922043    +1.0 
 0.802288 0.062488    +1.0 
 0.042170 0.618704    -1.0 
 0.150835 0.299043    -1.0 
 0.836924 0.291643    -1.0 
 0.989050 0.024766    +1.0 
 0.331743 0.631193    +1.0 
 0.783570 0.622365    +1.0 
 0.567526 0.926597    +1.0 
 0.127841 0.002264    +1.0 
 0.519573 0.496423    +1.0 
 0.412475 0.542585    +1.0 
 0.304805 0.878202    -1.0 
 0.341740 0.206307    +1.0 
 0.309994 0.777621    +1.0 
 0.637496 0.246103    +1.0 
 0.351900 0.279627    +1.0 
 0.010032 0.703938    -1.0 
 0.062618 0.692490    -1.0 
 0.033949 0.125166    +1.0 
 0.721931 0.108972    -1.0 
 0.498388 0.177167    +1.0 
 0.167617 0.194218    +1.0 
 0.234238 0.847845    -1.0 
 0.342210 0.356782    +1.0 
 0.314619 0.522245    -1.0 
 0.571450 0.726598    -1.0 
 0.914949 0.934802    +1.0 
 0.109515 0.791875    -1.0 
 0.369604 0.974300    -1.0 
 0.576213 0.066368    +1.0 
 0.015910 0.798192    -1.0 
 0.101780 0.340661    -1.0 
 0.043483 0.178020    +1.0 
 0.689155 0.377822    +1.0 
 0.616388 0.449051    -1.0 
 0.107942 0.947653    +1.0 
 0.183986 0.641668    -1.0 
 0.608418 0.847861    -1.0 
 0.898546 0.111704    +1.0 
 0.650440 0.668674    +1.0 
 0.996768 0.309561    -1.0 
 0.396952 0.044114    -1.0 
 0.539336 0.797240    -1.0 
 0.843766 0.663278    -1.0 
 0.026870 0.567270    +1.0 
 0.518545 0.444394    +1.0 
 0.689465 0.482803    -1.0 
 0.757689 0.699229    +1.0 
 0.075947 0.854112    +1.0 
 0.688300 0.422664    -1.0 
 0.421642 0.919444    +1.0 
 0.435191 0.759385    -1.0 
 0.951658 0.199139    +1.0 
 0.424414 0.344892    -1.0 
 0.160226 0.248487    -1.0 
 0.352881 0.350142    +1.0 
 0.403604 0.419662    +1.0 
 0.778954 0.327526    +1.0 
 0.140534 0.544857    +1.0 
 0.905574 0.150640    +1.0 
 0.464496 0.425462    +1.0 
 0.972396 0.642046    -1.0 
 0.388430 0.125523    -1.0 
 0.446930 0.713189    -1.0 
 0.685699 0.057178    -1.0 
 0.560004 0.710920    -1.0 
 0.059459 0.962215    +1.0 
 0.524482 0.027952    +1.0 
 0.433083 0.153978    +1.0 
 0.317703 0.133478    -1.0 
 0.231678 0.819765    -1.0 
 0.210095 0.898692    -1.0 
 0.492119 0.093457    +1.0 
 0.250924 0.204619    +1.0 
 0.407461 0.804931    +1.0 
 0.845824 0.241416    -1.0 
 0.720397 0.875819    -1.0 
 0.001955 0.944945    +1.0 
 0.046938 0.855269    +1.0 
 0.100350 0.614063    -1.0 
 0.381275 0.934741    -1.0 
 0.459670 0.747813    -1.0 
 0.429370 0.323598    -1.0 
 0.962603 0.512918    +1.0 
 0.094113 0.248933    -1.0 
 0.560061 0.366975    -1.0 
 0.018625 0.220845    -1.0 
 0.186895 0.230191    -1.0 
 0.044542 0.001242    +1.0 
 0.106843 0.117877    +1.0 
 0.295085 0.868506    -1.0 
 0.747811 0.357295    +1.0 
 0.212508 0.986264    -1.0 
 0.938432 0.846359    +1.0 
 0.708659 0.681711    +1.0 
 0.063322 0.339594    -1.0 
 0.896309 0.202763    -1.0 
 0.920967 0.430427    +1.0 
 0.006237 0.554845    +1.0 
 0.101004 0.840956    +1.0 
 0.737610 0.583833    -1.0 
 0.056573 0.323885    -1.0 
 0.691796 0.853903    -1.0 
 0.994974 0.060241    +1.0 
 0.785437 0.615532    +1.0 
 0.461902 0.925094    +1.0 
 0.788499 0.333241    +1.0 
 0.470073 0.556873    +1.0 
 0.876398 0.673882    -1.0 
 0.094075 0.359736    -1.0 
 0.389501 0.389100    +1.0 
 0.195027 0.588944    +1.0 
 0.753890 0.270436    +1.0 
 0.879421 0.603399    -1.0 
 0.707843 0.938278    -1.0 
 0.167773 0.444850    +1.0 
 0.900816 0.038230    +1.0 
 0.335041 0.737958    +1.0 
 0.465649 0.867514    +1.0 
 0.373825 0.758222    +1.0 
 0.018330 0.212800    -1.0 
 0.863990 0.535150    +1.0 
 0.499014 0.437674    +1.0 
 0.252498 0.335972    +1.0 
 0.447395 0.567013    +1.0 
 0.651976 0.491386    -1.0 
 0.397342 0.246507    +1.0 
 0.956004 0.600564    -1.0 
 0.600456 0.243865    +1.0 
 0.496781 0.899770    +1.0 
 0.844503 0.354754    -1.0 
 0.992883 0.350144    -1.0 
 0.647254 0.697940    +1.0 
 0.961177 0.538464    +1.0 
 0.084111 0.962590    +1.0 
 0.609931 0.173972    -1.0 
 0.281865 0.004125    -1.0 
 0.955944 0.078940    +1.0 
 0.592299 0.586885    +1.0 
 0.185716 0.525622    +1.0 
 0.387262 0.121249    -1.0 
 0.231648 0.373330    +1.0 
 0.608794 0.034460    -1.0 
 0.983989 0.152709    +1.0 
 0.809220 0.308677    -1.0 
 0.286175 0.366995    +1.0 
 0.650712 0.592531    -1.0 
 0.846727 0.309449    -1.0 
 0.253159 0.785493    +1.0 
 0.879576 0.500609    +1.0 
 0.513365 0.764727    -1.0 
 0.794246 0.937143    -1.0 
 0.525500 0.894744    +1.0 
 0.688604 0.115454    -1.0 
 0.548533 0.569569    +1.0 
 0.043770 0.787696    -1.0 
 0.955387 0.489336    +1.0 
 0.630394 0.556292    -1.0 
 0.203001 0.887997    -1.0 
 0.658030 0.286613    +1.0 
 0.853123 0.991520    +1.0 
 0.038046 0.378102    -1.0 
 0.898824 0.597545    +1.0 
 0.891926 0.784411    -1.0 
 0.288442 0.594492    -1.0 
 0.180470 0.306117    -1.0 
 0.341659 0.262954    +1.0 
 0.317951 0.729198    +1.0 
 0.304719 0.372507    +1.0 
 0.584631 0.373026    -1.0 
 0.254609 0.966509    -1.0 
 0.980070 0.208201    -1.0 
 0.924513 0.644987    -1.0 
 0.240446 0.962863    -1.0 
 0.352460 0.456115    -1.0 
 0.150888 0.252321    -1.0 
 0.947322 0.800477    +1.0 
 0.046862 0.328015    -1.0 
 0.094761 0.165090    +1.0 
 0.748424 0.275325    +1.0 
 0.592185 0.927875    +1.0 
 0.792262 0.513957    -1.0 
 0.386143 0.814892    -1.0 
 0.106492 0.028074    +1.0 
 0.495791 0.025245    +1.0 
 0.553113 0.525726    +1.0 
 0.928350 0.250468    -1.0 
 0.586629 0.488230    +1.0 
 0.441003 0.260594    -1.0 
 0.641895 0.000805    -1.0 
 0.370883 0.877637    -1.0 
 0.469715 0.177179    +1.0 
 0.461206 0.744381    -1.0 
 0.138616 0.615027    -1.0 
 0.755751 0.572904    -1.0 
 0.671869 0.498419    -1.0 
 0.642664 0.540083    -1.0 
 0.599845 0.941241    +1.0 
 0.006749 0.218318    -1.0 
 0.091906 0.825496    +1.0 
 0.030052 0.187038    +1.0 
 0.754955 0.504917    -1.0 
 0.374772 0.077473    -1.0 
 0.816577 0.232565    -1.0 
 0.529625 0.838853    +1.0 
 0.871398 0.336525    -1.0 
 0.818085 0.073474    +1.0 
 0.985016 0.956972    +1.0 
 0.599948 0.231042    -1.0 
 0.999103 0.407436    +1.0 
 0.270104 0.655665    +1.0 
 0.845260 0.910779    +1.0 
 0.821908 0.083137    +1.0 
 0.488698 0.954264    +1.0 
 0.627093 0.349132    +1.0 
 0.423416 0.816949    +1.0 
 0.147718 0.213396    -1.0 
 0.019042 0.845965    +1.0 
 0.074364 0.269511    -1.0 
 0.269959 0.835934    -1.0 
 0.742879 0.598294    -1.0 
 0.866664 0.828694    +1.0 
 0.061903 0.855300    +1.0 
 0.947891 0.869729    +1.0 
 0.855581 0.844375    +1.0 
 0.302978 0.695328    +1.0 
 0.839010 0.820886    +1.0 
 0.283893 0.082947    -1.0 
 0.074788 0.056619    +1.0 
 0.814767 0.169707    +1.0 
 0.962409 0.865738    +1.0 
 0.916317 0.564307    +1.0 
 0.671233 0.885338    -1.0 
 0.309197 0.570102    -1.0 
 0.603416 0.988640    -1.0 
 0.342811 0.466937    -1.0 
 0.454848 0.612712    -1.0 
 0.586726 0.122034    +1.0 
 0.797149 0.350629    +1.0 
 0.495562 0.412178    +1.0 
 0.727616 0.500439    -1.0 
 0.143595 0.127528    +1.0 
 0.000380 0.506228    +1.0 
 0.853576 0.419157    +1.0 
 0.462633 0.261561    -1.0 
 0.800123 0.066001    +1.0 
 0.454518 0.479823    +1.0 
 0.239143 0.131119    -1.0 
 0.798144 0.442382    -1.0 
 0.741901 0.101454    -1.0 
 0.886359 0.602486    -1.0 
 0.739525 0.649610    +1.0 
 0.299583 0.704508    +1.0 
 0.307993 0.401248    -1.0 
 0.021590 0.244304    -1.0 
 0.645171 0.858859    -1.0 
 0.213177 0.482375    -1.0 
 0.263632 0.133694    -1.0 
 0.234702 0.578205    -1.0 
 0.902130 0.725245    -1.0 
 0.111385 0.258236    -1.0 
 0.354406 0.004834    -1.0 
 0.413827 0.293546    -1.0 
 0.339107 0.690543    +1.0 
 0.913511 0.744444    -1.0 
 0.654813 0.719217    +1.0 
 0.780155 0.741169    +1.0 
 0.848485 0.942661    +1.0 
 0.254023 0.591943    -1.0 
 0.596079 0.805116    +1.0 
 0.968966 0.336389    -1.0 
 0.775873 0.043889    -1.0 
 0.566681 0.854259    +1.0 
 0.586490 0.831579    +1.0 
 0.152947 0.172308    +1.0 
 0.004169 0.124200    +1.0 
 0.054277 0.327863    -1.0 
 0.822046 0.162828    +1.0 
 0.368356 0.703134    +1.0 
 0.605833 0.605951    +1.0 
 0.921846 0.062636    +1.0 
 0.226062 0.044991    -1.0 
 0.490703 0.045619    +1.0 
 0.480990 0.216355    -1.0 
 0.865438 0.790282    -1.0 
 0.453419 0.000746    +1.0 
 0.499031 0.916463    +1.0 
 0.099199 0.865394    +1.0 
 0.829042 0.753856    -1.0 
 0.548479 0.219442    -1.0 
 0.766493 0.474524    -1.0 
 0.319166 0.819384    -1.0 
 0.469047 0.438210    +1.0 
 0.155268 0.873365    +1.0 
 0.119801 0.368884    -1.0 
 0.273362 0.484179    -1.0 
 0.598586 0.998978    +1.0 
 0.144318 0.065274    +1.0 
 0.321284 0.107303    -1.0 
 0.473459 0.027054    +1.0 
 0.123409 0.766861    -1.0 
 0.142662 0.417977    +1.0 
 0.444633 0.454327    +1.0 
 0.617709 0.012584    -1.0 
 0.626407 0.064281    -1.0 
 0.731782 0.153620    -1.0 
 0.339082 0.944274    -1.0 
 0.062796 0.205398    -1.0 
 0.809686 0.713109    -1.0 
 0.012879 0.878569    +1.0 
 0.006624 0.751568    -1.0 
 0.560438 0.701435    -1.0 
 0.461092 0.035010    +1.0 
 0.829650 0.189110    +1.0 
 0.253038 0.099364    -1.0 
 0.652914 0.589416    -1.0 
 0.476340 0.850052    +1.0 
 0.185849 0.643940    -1.0 
 0.415819 0.107116    +1.0 
 0.071915 0.415493    +1.0 
 0.738422 0.964566    -1.0 
 0.298202 0.611251    +1.0 
 0.320814 0.478742    -1.0 
 0.591557 0.826609    +1.0 
 0.332708 0.905874    -1.0 
 0.284830 0.991447    -1.0 
 0.874180 0.715247    -1.0 
 0.049086 0.901865    +1.0 
 0.659183 0.209312    +1.0 
 0.705163 0.840890    -1.0 
 0.857469 0.599155    +1.0 
 0.665748 0.846253    -1.0 
 0.492496 0.392130    -1.0 
 0.039370 0.477780    +1.0 
 0.560975 0.542812    +1.0 
 0.375501 0.917375    -1.0 
 0.936033 0.859136    +1.0 
 0.723688 0.738157    +1.0 
 0.864168 0.018627    +1.0 
 0.600684 0.683336    +1.0 
 0.517961 0.376627    -1.0 
 0.542571 0.668186    -1.0 
 0.251867 0.696496    +1.0 
 0.801457 0.968778    +1.0 
 0.385204 0.423935    -1.0 
 0.019417 0.088313    +1.0 
 0.040981 0.102190    +1.0 
 0.169769 0.136039    +1.0 
 0.665579 0.686058    +1.0 
 0.944701 0.145527    +1.0 
 0.784996 0.580172    -1.0 
 0.038808 0.669748    -1.0 
 0.588820 0.186185    +1.0 
 0.333646 0.181883    -1.0 
 0.422054 0.095285    +1.0 
 0.935330 0.385687    -1.0 
 0.883964 0.073531    +1.0 
 0.915172 0.990604    +1.0 
 0.237315 0.940021    -1.0 
 0.714964 0.968520    -1.0 
 0.303618 0.879730    -1.0 
 0.719625 0.805506    -1.0 
 0.121447 0.727498    -1.0 
 0.889531 0.958075    +1.0 
 0.864830 0.136170    +1.0 
 0.454924 0.175127    +1.0 
 0.924487 0.145052    +1.0 
 0.080611 0.750109    -1.0 
 0.541849 0.604969    -1.0 
 0.139029 0.209891    -1.0 
 0.927898 0.819290    +1.0 
 0.515038 0.655054    -1.0 
 0.697775 0.017925    -1.0 
 0.891240 0.558760    +1.0 
 0.587600 0.300701    -1.0 
 0.615695 0.567011    -1.0 
 0.500135 0.140589    +1.0 
 0.875632 0.871292    +1.0 
 0.736813 0.614375    +1.0 
 0.034942 0.335318    -1.0 
 0.929663 0.182760    +1.0 
 0.137030 0.431630    +1.0 
 0.379997 0.043147    -1.0 
 0.928175 0.502287    +1.0 
 0.762075 0.061992    -1.0 
 0.473206 0.112910    +1.0 
 0.057757 0.810395    +1.0 
 0.871492 0.673265    -1.0 
 0.079393 0.793369    -1.0 
 0.546607 0.793717    -1.0 
 0.517497 0.112019    +1.0 
 0.590112 0.418936    +1.0 
 0.450371 0.326591    -1.0 
 0.154683 0.902622    +1.0 
 0.085723 0.510558    +1.0 
 0.583156 0.274858    -1.0 
 0.908832 0.480580    +1.0 
 0.949999 0.812530    +1.0 
 0.705283 0.049131    -1.0 
 0.805588 0.099470    +1.0 
 0.254260 0.236109    +1.0 
 0.929616 0.393447    -1.0 
 0.074466 0.568896    +1.0 
 0.799547 0.779391    +1.0 
 0.000691 0.538598    +1.0 
 0.697806 0.150465    -1.0 
 0.704754 0.620914    +1.0 
 0.055022 0.029590    +1.0 
 0.508035 0.936055    +1.0 
 0.846959 0.023159    +1.0 
 0.000183 0.051789    +1.0 
 0.923745 0.826053    +1.0 
 0.444131 0.831247    +1.0 
 0.798665 0.103269    -1.0 
 0.653602 0.812204    -1.0 
 0.110381 0.829874    +1.0 
 0.746429 0.862528    -1.0 
 0.100204 0.239444    -1.0 
 0.753815 0.788416    +1.0 
 0.621542 0.014213    -1.0 
 0.678877 0.944373    -1.0 
 0.481321 0.740997    -1.0 
 0.002409 0.489026    +1.0 
 0.065842 0.589381    +1.0 
 0.412654 0.796497    -1.0 
 0.941907 0.167019    +1.0 
 0.350258 0.232798    +1.0 
 0.367151 0.236322    +1.0 
 0.798619 0.369548    +1.0 
 0.763360 0.492888    -1.0 
 0.181041 0.078049    +1.0 
 0.278425 0.605078    +1.0 
 0.644861 0.435725    -1.0 
 0.614632 0.783104    +1.0 
 0.892760 0.110076    +1.0 
 0.564894 0.012340    +1.0 
 0.864488 0.754249    -1.0 
 0.858625 0.867545    +1.0 
 0.358124 0.860356    -1.0 
 0.363130 0.280994    +1.0 
 0.316822 0.644492    +1.0 
 0.755343 0.417670    -1.0 
 0.280793 0.569686    -1.0 
 0.016422 0.704595    -1.0 
 0.029381 0.503658    +1.0 
 0.505341 0.249843    -1.0 
 0.906873 0.727190    -1.0 
 0.637112 0.191011    -1.0 
 0.758599 0.791260    +1.0 
 0.980278 0.644860    -1.0 
 0.899664 0.818089    +1.0 
 0.752974 0.741985    +1.0 
 0.523920 0.269241    -1.0 
 0.546996 0.965965    +1.0 
 0.440567 0.495331    +1.0 
 0.657416 0.559199    -1.0 
 0.832985 0.834452    +1.0 
 0.607338 0.881986    -1.0 
 0.780171 0.453711    -1.0 
 0.502229 0.232416    -1.0 
 0.804822 0.109264    +1.0 
 0.347995 0.057967    -1.0 
 0.530946 0.129762    +1.0 
 0.746817 0.661594    +1.0 
 0.293506 0.066498    -1.0 
 0.723012 0.262515    +1.0 
 0.966564 0.976749    +1.0 
 0.309263 0.592400    -1.0 
 0.416477 0.356401    -1.0 
 0.876118 0.459289    +1.0 
 0.472809 0.471273    +1.0 
 0.652292 0.903331    -1.0 
 0.599754 0.676294    -1.0 
 0.050889 0.599455    +1.0 
 0.081101 0.196492    +1.0 
 0.081159 0.072703    +1.0 
 0.366486 0.477591    -1.0 
 0.533830 0.512603    +1.0 
 0.708103 0.316679    +1.0 
 0.730639 0.575041    -1.0 
 0.615842 0.540244    -1.0 
 0.328758 0.505524    -1.0 
 0.323481 0.508834    -1.0 
 0.074788 0.308962    -1.0 
 0.065969 0.461298    +1.0 
 0.070453 0.021424    +1.0 
 0.772767 0.949274    -1.0 
 0.305805 0.542411    -1.0 
 0.867754 0.902031    +1.0 
 0.151367 0.986547    +1.0 
 0.393434 0.266606    +1.0 
 0.597298 0.276168    -1.0 
 0.135410 0.517336    +1.0 
 0.157245 0.276874    -1.0 
 0.879636 0.467218    +1.0 
 0.092424 0.372817    -1.0 
 0.285377 0.851278    -1.0 
 0.485830 0.074441    +1.0 
 0.074747 0.715410    -1.0 
 0.438844 0.275924    -1.0 
 0.626822 0.124408    -1.0 
 0.457409 0.751011    -1.0 
 0.500664 0.507479    +1.0 
 0.830116 0.652937    -1.0 
 0.604998 0.761256    +1.0 
 0.316749 0.316238    +1.0 
 0.469014 0.217597    -1.0 
 0.807088 0.835390    +1.0 
 0.463013 0.710516    -1.0 
 0.273077 0.398130    +1.0 
 0.561764 0.213005    -1.0 
 0.523071 0.501249    +1.0 
 0.858034 0.095794    +1.0 
 0.128056 0.185520    +1.0 
 0.117377 0.737045    -1.0 
 0.782994 0.646810    +1.0 
 0.144736 0.501407    +1.0 
 0.101277 0.755441    -1.0 
 0.113532 0.540777    +1.0 
 0.929447 0.529319    +1.0 
 0.621797 0.245541    +1.0 
 0.178627 0.732688    -1.0 
 0.498561 0.807398    +1.0 
 0.567468 0.926542    +1.0 
 0.026506 0.322204    -1.0 
 0.680939 0.284533    +1.0 
 0.591150 0.258402    -1.0 
 0.195119 0.755792    -1.0 
 0.958058 0.303753    -1.0 
 0.778679 0.040471    -1.0 
 0.641461 0.456423    -1.0 
 0.038347 0.822477    +1.0 
 0.711861 0.387373    +1.0 
 0.362955 0.645024    +1.0 
 0.026739 0.226893    -1.0 
 0.776308 0.226980    +1.0 
 0.215200 0.941738    -1.0 
 0.024003 0.301073    -1.0 
 0.840581 0.809141    +1.0 
 0.387297 0.748779    +1.0 
 0.368847 0.364194    +1.0 
 0.885330 0.841812    +1.0 
 0.827446 0.817308    +1.0 
 0.045614 0.347961    -1.0 
 0.119731 0.794138    -1.0 
 0.695042 0.581374    -1.0 
 0.712595 0.342376    +1.0 
 0.856125 0.776828    -1.0 
 0.016516 0.244889    -1.0 
 0.885453 0.437320    +1.0 
 0.982552 0.558890    +1.0 
 0.226004 0.178105    -1.0 
 0.832963 0.014186    +1.0 
 0.277865 0.592583    -1.0 
 0.082312 0.013398    +1.0 
 0.842058 0.461283    +1.0 
 0.083212 0.812553    +1.0 
 0.731528 0.270163    +1.0 
 0.812870 0.366366    -1.0 
 0.547256 0.194906    +1.0 
 0.898601 0.909112    +1.0 
 0.314054 0.030751    -1.0 
 0.436337 0.735306    -1.0 
 0.891504 0.730181    -1.0 
 0.787427 0.736060    +1.0 
 0.505178 0.371618    -1.0 
 0.625728 0.944077    -1.0 
 0.769425 0.280056    +1.0 
 0.257055 0.815829    -1.0 
 0.536542 0.304562    -1.0 
 0.932694 0.921803    +1.0 
 0.351840 0.717955    +1.0 
 0.142011 0.579089    +1.0 
 0.217272 0.021318    -1.0 
 0.888810 0.214569    -1.0 
 0.467831 0.931651    +1.0 
 0.752249 0.627088    +1.0 
 0.498433 0.716786    -1.0 
 0.204701 0.074030    -1.0 
 0.700741 0.670299    +1.0 
 0.632509 0.258430    +1.0 
 0.588999 0.133580    +1.0 
 0.786136 0.869324    -1.0 
 0.724119 0.956433    -1.0 
 0.806688 0.628231    -1.0 
 0.651836 0.415820    -1.0 
 0.447381 0.632102    -1.0 
 0.822605 0.299775    -1.0 
 0.870425 0.736726    -1.0 
 0.980214 0.415756    +1.0 
 0.269468 0.389278    +1.0 
 0.117921 0.145990    +1.0 
 0.190596 0.554706    +1.0 
 0.083736 0.683713    -1.0 
 0.524678 0.564019    +1.0 
 0.751580 0.221070    +1.0 
 0.772168 0.984808    -1.0 
 0.297099 0.990034    -1.0 
 0.968414 0.132778    +1.0 
 0.163639 0.690798    -1.0 
 0.060882 0.030510    +1.0 
 0.365949 0.377086    +1.0 
 0.085775 0.414592    +1.0 
 0.650739 0.344811    +1.0 
 0.064483 0.498780    +1.0 
 0.961160 0.420080    +1.0 
 0.572525 0.338647    -1.0 
 0.586896 0.336035    -1.0 
 0.695725 0.797705    +1.0 
 0.226170 0.587350    -1.0 
 0.928785 0.787050    -1.0 
 0.046938 0.358846    -1.0 
 0.167140 0.907001    +1.0 
 0.271599 0.333930    +1.0 
 0.548652 0.141995    +1.0 
 0.085178 0.533053    +1.0 
 0.600562 0.397166    +1.0 
 0.997175 0.836630    +1.0 
 0.100096 0.479980    +1.0 
 0.590873 0.675887    -1.0 
 0.753660 0.452143    -1.0 
 0.743087 0.084548    -1.0 
 0.306850 0.950452    -1.0 
 0.467191 0.090424    +1.0 
 0.911247 0.210717    -1.0 
 0.051176 0.375798    -1.0 
 0.467656 0.752259    -1.0 
 0.861878 0.476440    +1.0 
 0.540864 0.383449    -1.0 
 0.250971 0.139444    -1.0 
 0.178113 0.778466    -1.0 
 0.315486 0.078473    -1.0 
 0.270185 0.024821    -1.0 
 0.676385 0.401031    -1.0 
 0.756480 0.438635    -1.0 
 0.986998 0.725906    -1.0 
 0.108019 0.544377    +1.0 
 0.065948 0.140761    +1.0 
 0.817222 0.387325    -1.0 
 0.566856 0.991181    +1.0 
 0.601193 0.525957    -1.0 
 0.102805 0.255286    -1.0 
 0.284652 0.888606    -1.0 
 0.093855 0.294778    -1.0 
 0.796377 0.690770    +1.0 
 0.110232 0.827247    +1.0 
 0.893976 0.328561    -1.0 
 0.655061 0.419398    -1.0 
 0.458899 0.387868    -1.0 
 0.634287 0.931110    -1.0 
 0.888113 0.951262    +1.0 
 0.866855 0.560829    +1.0 
 0.989870 0.324709    -1.0 
 0.017253 0.259503    -1.0 
 0.186103 0.238396    -1.0 
 0.110395 0.739237    -1.0 
 0.878438 0.860819    +1.0 
 0.093872 0.441184    +1.0 
 0.772509 0.478742    -1.0 
 0.726251 0.122204    -1.0 
 0.327752 0.079213    -1.0 
 0.826913 0.039924    +1.0 
 0.437120 0.980872    +1.0 
 0.760631 0.569582    -1.0 
 0.901233 0.023021    +1.0 
 0.039470 0.873013    +1.0 
 0.280389 0.070965    -1.0 
 0.399606 0.500313    -1.0 
 0.649973 0.938935    -1.0 
 0.398430 0.468741    -1.0 
 0.592430 0.487342    +1.0 
 0.927884 0.002604    +1.0 
 0.202654 0.104388    -1.0 
 0.456884 0.194162    +1.0 
 0.812018 0.034285    +1.0 
 0.905184 0.961446    +1.0 
 0.726056 0.832013    -1.0 
 0.872813 0.827553    +1.0 
 0.276934 0.389962    +1.0 
 0.265908 0.861192    -1.0 
 0.497314 0.542772    +1.0 
 0.887228 0.124452    +1.0 
 0.388109 0.776732    +1.0 
 0.216789 0.836000    -1.0 
 0.068265 0.378232    -1.0 
 0.766973 0.231783    +1.0 
 0.627440 0.796842    +1.0 
 0.132369 0.487207    +1.0 
 0.647801 0.682843    +1.0 
 0.195760 0.641512    -1.0 
 0.592732 0.112498    +1.0 
 0.129606 0.964237    +1.0 
 0.379846 0.828653    -1.0 
 0.531538 0.743436    -1.0 
 0.843155 0.806526    +1.0 
 0.640626 0.814468    -1.0 
 0.652624 0.277756    +1.0 
 0.439166 0.936106    +1.0 
 0.884702 0.198313    +1.0 
 0.096550 0.147470    +1.0 
 0.439118 0.481869    +1.0 
 0.654366 0.685587    +1.0 
 0.067530 0.609436    -1.0 
 0.785543 0.730370    +1.0 
 0.939143 0.203781    -1.0 
 0.538325 0.883624    +1.0 
 0.515708 0.074380    +1.0 
 0.054675 0.733592    -1.0 
 0.470196 0.112034    +1.0 
 0.641816 0.349990    +1.0 
 0.464749 0.273955    -1.0 
 0.287868 0.980043    -1.0 
 0.637282 0.048025    -1.0 
 0.713587 0.348170    +1.0 
 0.543481 0.032514    +1.0 
 0.511160 0.715842    -1.0 
 0.301133 0.193835    -1.0 
 0.459791 0.539229    +1.0 
 0.604144 0.564793    -1.0 
 0.051713 0.116963    +1.0 
 0.759794 0.479438    -1.0 
 0.889590 0.885616    +1.0 
 0.678276 0.284156    +1.0 
 0.408413 0.973736    +1.0 
 0.860253 0.959551    +1.0 
 0.266593 0.634797    +1.0 
 0.515808 0.391301    -1.0 
 0.379661 0.253911    +1.0 
 0.464858 0.563221    +1.0 
 0.526659 0.662069    -1.0 
 0.950935 0.650894    -1.0 
 0.537816 0.535036    +1.0 
 0.811463 0.573364    +1.0 
 0.519617 0.132531    +1.0 
 0.030695 0.733382    -1.0 
 0.340037 0.618198    +1.0 
 0.826802 0.428821    +1.0 
 0.585807 0.654123    -1.0 
 0.440846 0.250179    -1.0 
 0.521646 0.987701    +1.0 
 0.379324 0.958074    -1.0 
 0.787915 0.836799    -1.0 
 0.268489 0.142659    -1.0 
 0.930864 0.165055    +1.0 
 0.790719 0.951659    -1.0 
 0.584368 0.447323    +1.0 
 0.552040 0.398863    -1.0 
 0.632711 0.420691    -1.0 
 0.664662 0.059372    -1.0 
 0.852667 0.154836    +1.0 
 0.386515 0.166555    -1.0 
 0.935051 0.753089    -1.0 
 0.236762 0.358742    +1.0 
 0.949312 0.199243    +1.0 
 0.575739 0.207235    -1.0 
 0.971216 0.522564    +1.0 
 0.001497 0.582836    +1.0 
 0.927585 0.182662    +1.0 
 0.952982 0.292946    -1.0 
 0.611329 0.635733    +1.0 
 0.329907 0.918322    -1.0 
 0.125245 0.583571    +1.0 
 0.527616 0.586197    +1.0 
 0.768402 0.716737    +1.0 
 0.156076 0.488795    +1.0 
 0.081276 0.523950    +1.0 
 0.557837 0.263030    -1.0 
 0.615473 0.272562    +1.0 
 0.580952 0.123761    +1.0 
 0.144148 0.781636    -1.0 
 0.498056 0.640254    -1.0 
 0.836489 0.462353    +1.0 
 0.418791 0.780227    -1.0 
 0.193610 0.033291    +1.0 
 0.524506 0.850091    +1.0 
 0.796348 0.714418    +1.0 
 0.294546 0.031749    -1.0 
 0.613878 0.837748    -1.0 
 0.003704 0.668950    -1.0 
 0.434447 0.099627    +1.0 
 0.889757 0.368840    -1.0 
 0.028114 0.925230    +1.0 
 0.835812 0.451784    +1.0 
 0.761290 0.066223    -1.0 
 0.330015 0.665038    +1.0 
 0.332460 0.944784    -1.0 
 0.078570 0.249432    -1.0 
 0.069133 0.868604    +1.0 
 0.508839 0.054496    +1.0 
 0.252419 0.940497    -1.0 
 0.637342 0.093629    -1.0 
 0.355380 0.781397    +1.0 
 0.350784 0.639844    +1.0 
 0.985207 0.476420    +1.0 
 0.092980 0.122776    +1.0 
 0.001326 0.980221    +1.0 
 0.630907 0.903136    -1.0 
 0.488806 0.510837    +1.0 
 0.931552 0.691348    -1.0 
 0.449121 0.791789    -1.0 
 0.988159 0.428083    +1.0 
 0.631690 0.832401    -1.0 
 0.538656 0.856751    +1.0 
 0.476181 0.868575    +1.0 
 0.197097 0.558355    +1.0 
 0.726867 0.113831    -1.0 
 0.325888 0.669705    +1.0 
 0.679058 0.727021    +1.0 
 0.595262 0.914580    +1.0 
 0.939601 0.413278    +1.0 
 0.268197 0.507657    -1.0 
 0.947648 0.003328    +1.0 
 0.802862 0.271795    -1.0 
 0.680324 0.259141    +1.0 
 0.948205 0.285516    -1.0 
 0.035872 0.727160    -1.0 
 0.516895 0.159424    +1.0 
 0.372532 0.291002    +1.0 
 0.927252 0.753913    -1.0 
 0.816374 0.891115    +1.0 
 0.213595 0.687495    +1.0 
 0.920026 0.797559    -1.0 
 0.892758 0.252476    -1.0 
 0.444479 0.602615    -1.0 
 0.051116 0.525615    +1.0 
 0.788705 0.391785    +1.0 
 0.567662 0.224037    -1.0 
 0.450630 0.144907    +1.0 
 0.128601 0.665376    -1.0 
 0.865166 0.494281    +1.0 
 0.810065 0.515454    +1.0 
 0.730663 0.345166    +1.0 
 0.528306 0.582167    +1.0 
 0.157683 0.257635    -1.0 
 0.679848 0.991677    -1.0 
 0.509787 0.750193    -1.0 
 0.244207 0.679001    +1.0 
 0.964744 0.057810    +1.0 
 0.503899 0.271931    -1.0 
 0.618777 0.244044    +1.0 
 0.183513 0.442812    +1.0 
 0.352089 0.702977    +1.0 
 0.132740 0.460361    +1.0 
 0.839871 0.906919    +1.0 
 0.916783 0.572763    +1.0 
 0.651308 0.065886    -1.0 
 0.648712 0.588215    -1.0 
 0.655039 0.110952    -1.0 
 0.747845 0.450475    -1.0 
 0.221372 0.932755    -1.0 
 0.759508 0.110601    -1.0 
 0.460738 0.076077    +1.0 
 0.976460 0.713682    -1.0 
 0.899001 0.479867    +1.0 
 0.990751 0.208107    -1.0 
 0.200968 0.367938    +1.0 
 0.934711 0.367666    -1.0 
 0.404653 0.938428    +1.0 
 0.577395 0.832025    +1.0 
 0.414391 0.109841    +1.0 
 0.492325 0.822935    +1.0 
 0.467949 0.688945    -1.0 
 0.646177 0.401663    -1.0 
 0.891463 0.002036    +1.0 
 0.246666 0.482948    -1.0 
 0.589665 0.238268    -1.0 
 0.879923 0.813191    +1.0 
 0.493972 0.594179    +1.0 
 0.539874 0.022301    +1.0 
 0.167029 0.275622    -1.0 
 0.359429 0.951716    -1.0 
 0.202090 0.640566    +1.0 
 0.778662 0.293639    +1.0 
 0.174840 0.278361    -1.0 
 0.689753 0.211726    +1.0 
 0.122964 0.782828    -1.0 
 0.271503 0.880659    -1.0 
 0.717025 0.943841    -1.0 
